2608628
1557555
2611028
2608937
2602958
2601179
2601971
2596663
2592403
2593405
2587058
2585692
7079022
2515449
2579105
2577384
2376239
2577265
2576017
2572679
2573651
2569090
2568971
2557471
2550261
1051395
2220466
2070121
2288499
2396217
1865747
2309691
2409703
7215522
2427704
2604097
2105703
2606959
1611302
2474997
2524295
2376012
1252407
2559710
0300475
2588488
2156722
2208516
2305227
2006401
2613609
0560020
2611725
2295380
0651274
2601829
1832384
2394145
2575799
2586041
7144994
2585591
2581089
0040293
1872233
0025070
0747518
2564686
0577805
2615746
2610292
2615734
2606350
0513637
0007208
0625596
0306597
2268579
2166857
2439017
2123046
1941538
2156509
0670200
2572519
1455084
0907238
2032164
2211119
2430125
0415638
2451840
0632847
2288429
1941966
2168823
2034237
2139565
2342489
2341179
0067276
2468767
2562798
2604426
2590092
2510429
2575010
1915691
2050478
2592957
2586087
2553132
2578652
2215886
1588272
2599930
2581120
2570861
1964954
2617637
2600949
0743187
2564893
2567000
0242935
1401081
1596093
2129853
1712059
0872886
2465611
2426065
0382314
1714240
2494917
1759894
1840747
2180331
2056603
1222533
0424423
2594699
1433097
0556307
0146165
7021319
0895837
0040184
0753269
1267354
1957559
2353729
2105984
2600422
2423461
0293909
1383115
2281173
2441340
2204592
2600627
2586355
0392821
2254890
2298628
2268569
0524487
0405802
0234487
2557536
2551734
2595198
1894392
1007811
2409438
0104290
2525810
0368815
0436734
1045766
2298462
0646871
0458599
2543665
0126838
2065682
2611460
0095757
0623408
1147647
1159395
1213572
0006586
1971703
1162351
2561830
0213218
2576767
2459027
0939195
0809550
1959556
1660111
2070956
1620689
1246659
1981786
2206196
0408224
7259071
7154499
1276349
2605067
2425371
1399650
0781717
2387374
2537860
0177097
2554870
0124107
0371145
1378662
2572726
0291843
2615448
0640939
0940593
1995798
1973113
2427318
2382482
1412902
1297510
0488149
0580508
0015410
0891522
2485835
0188490
1760278
0661639
0964715
0580929
2452912
2607724
1378135
2571280
2129075
2303278
