2617873
2571237
1271143
2511912
2595903
2593022
0952679
2452231
2533884
2245577
1577249
2587665
2581100
2578189
2567087
2574916
1258747
0950732
2447303
2300356
2576322
2290560
0565313
1429078
2220466
0274504
2242707
1220089
1400699
2006159
2601514
2051363
2597282
0471301
1778015
1784912
2387982
7238380
1962151
1564662
2590326
1814479
2184646
2322154
2522581
2229142
1736113
2118076
2388884
1299603
2609464
2614376
2615534
0922785
2609705
0617009
1114133
2096128
2114272
2604185
2596036
1818085
2587134
2585931
0616652
2224245
1872891
0259722
2571183
1508628
2557640
2544210
2552956
2552955
2550496
2110435
1934294
2552913
2382567
7093290
7093831
2495783
2412470
2501038
1828854
2454231
1694421
1402260
0801196
1474690
1987410
0356428
2276672
0081403
1956968
0704678
2205171
2182941
1131781
2483821
1087269
0103113
2539821
2615554
2538130
7074213
0190776
2572319
2604501
2596300
2356924
2589957
2583684
2215886
0003297
2566608
2551448
1549086
0556192
0736012
2562409
2583756
2566863
1977863
2602338
2308224
0276250
1051862
1497067
1914382
0778033
2059422
2438103
0575338
0255100
1146508
0429088
2187183
2304931
0213602
2063583
2136968
1331121
1389678
2203509
2441307
1483723
2546553
0556363
2608194
2594309
2337159
2065002
2580145
0863953
0458146
2574510
0291941
2574698
0749866
0066649
2570617
2450492
0487361
2199289
0495889
1314844
2507177
1046327
1404619
2594325
2484345
2599637
0408139
2580619
2298236
2147536
7063943
2034193
1379686
0465537
1179124
1167674
1277203
2317417
0427537
2436227
2329066
1321848
0089673
1432408
2303742
0351204
0632276
2289813
2059535
0344254
0058803
1786160
7294240
2538943
0338740
2206196
2546466
2355581
2285700
1736085
2317760
1137462
2123741
1062158
1184971
1686691
2030640
0075616
2480363
0322519
0767226
0674813
2612177
0966253
0330638
2596174
1764727
1639253
2567215
1666764
2480161
2425859
1382744
1380454
0234582
1655165
2490776
1595501
0321285
0919352
0104847
0987147
2036072
1810343
0015974
2018747
0735856
2518882
2578934
1558529
1995798
1962698
2039689
