2612953
2602398
7150424
2582889
2455582
2562416
2612853
2613517
2592088
2582888
2572101
2568724
2560024
2581799
0488387
2134730
2239035
2342380
0994313
2544654
1369625
2303354
0486352
1872837
2469765
2417938
2601270
7288909
2307058
2480078
7140766
2585861
0006971
2517643
2537872
1880934
1768598
2323397
2618537
2617354
2617836
1514241
7300939
2601412
2406522
2597851
2592984
2592258
2582894
2461079
1186384
2552142
2614700
2610620
2592973
2589443
2502682
2606752
2595690
2572032
2572412
2568432
2556293
2377797
7054263
0933831
2024822
1709690
0860320
0639202
2561261
7198691
1981231
0155134
7133299
2206491
0126206
1796797
0249024
1051932
0883107
0937749
0208911
1934475
2566755
2562670
2539794
0403958
2612768
1821667
2600350
1845434
2307699
1044188
2589786
2584487
0993635
0558248
0191192
2610432
2610067
2608254
2603922
2598157
0502558
2586092
2585429
1461959
2460155
0237716
1192608
2575079
2569386
2542354
1333112
0314921
2313120
1654799
2557579
1416316
0660996
1247375
2537617
2205978
2603541
0918811
0479825
1192197
1149842
1283728
2014724
2422357
1922008
2196475
0286769
7065119
0184080
2553742
0135783
7209349
1998993
7041198
1968995
0247964
2299995
0239247
0255090
2552002
1404724
7142698
2617511
2616214
2612704
2603498
1786191
2396763
2281382
0546732
2456937
1251726
2215443
2337318
2477157
0035917
2187913
1660868
0460800
1832253
2419929
1488368
2248721
2330512
2444166
2200743
1123386
0747292
0084322
2312558
0827550
2419513
1969860
2389857
7172039
1133514
1198080
1283371
1149796
1970513
0481979
1751290
1349105
2531486
2488332
2513205
1949002
2219619
2133391
0483895
1392490
7025520
1153104
0297213
7284816
1114816
1236880
0576732
2416864
0790824
2611215
2614371
2077367
2181701
0819629
7233626
2047279
0027333
2612339
0099583
0919352
2379188
2602343
2485445
0753941
2469490
1232032
1196309
2269199
0210336
0047292
0599390
1969347
1390392
7277693
2016456
7180675
2016456
1374648
2601968
