2619990
2602932
1744782
2589450
2246150
2585244
2582887
2578519
2577943
2231764
2421011
2549795
1906310
2554297
2608318
2604395
2603333
2467145
1849022
2593364
2592576
2589343
2589920
2586112
2583600
0671083
2575918
1213958
2382385
2207392
0454673
0434771
2285033
0768766
1258747
2517701
0274504
2290560
2034800
1373869
2211469
2556742
1934324
2074493
2554614
1794530
2312995
1413103
2394118
2105703
2610337
2254442
2473294
2581717
2259901
2563833
2454151
2601887
2099292
7039974
2039368
2536711
2584599
2584516
2479528
0351835
2578387
2573570
0916034
2572865
2573071
2227520
2567121
1490373
2338987
0701245
2159591
2466289
1102626
2447281
2356324
2583646
2573229
1848424
2501951
2360675
0249024
1952713
0639202
2530180
2012381
2454637
2488134
0414673
0634202
2224203
2250535
2179658
2560843
1244067
1400142
0192111
0276086
2376744
0743187
2307553
1012318
2617018
0556192
2572534
0851756
2573808
2448679
7227043
2571109
1018646
1551985
2563807
0819054
0469247
0043889
2593360
2547825
7185613
2618436
7054973
2205694
1705527
0190129
2228102
2018278
2535005
2109902
0811366
1149842
2537508
0857347
2324474
2131596
1398477
1409071
1733254
0308354
1111887
1798908
2384022
0725891
0652890
0095678
1024606
0352689
2572205
2335407
2617240
0726449
0448592
2573053
2581992
2525097
2580065
2484345
2350320
2612893
0490221
2040852
2568694
1049370
1619333
7259300
2555826
2162253
2563184
2337787
1055183
2079989
2326622
0583134
7120079
1791785
0736227
1784479
2038735
2220707
2264685
1894949
1209233
0523746
2291453
0486448
2526471
0104488
1957565
0839386
1735899
2469397
1939420
2143326
2447646
0856493
1213401
0512002
2324323
7237829
1764727
1135908
0657098
2283245
2465560
2419712
0798491
2150244
2408678
2426976
1512987
2228021
1686691
1010066
0845986
2592329
0471251
1987096
1256817
2341426
0259240
2555436
2566801
1975816
0526757
1951834
2613161
0260583
1343976
2615690
2035930
2584836
2386980
1057007
2602923
2275476
0976139
2556529
2487061
2556418
7278116
1683235
2404104
7230451
0296788
2564064
2536088
