#NMCT670
2617873 5
2571237 5
1271143 5
2511912 5
2595903 5
2593022 5
0952679 5
2587665 4
2581100 4
2574916 3
2452231 5
2578189 4
2533884 5
2567087 4
2245577 5
1577249 5
1258747 5
0950732 5
2447303 5
2300356 5
2612875 3
2576322 5
2290560 5
0565313 5
1429078 5
2188763 4
2504798 5
1295310 4
2166813 4
2220466 5
2599422 3
0274504 5
2602399 4
2242707 5
1220089 5
1400699 5
2006159 5
2601514 5
2051363 5
2595934 4
2597282 5
0471301 5
1778015 5
1784912 5
2387982 5
7238380 5
1962151 5
1564662 5
2590326 5
1814479 5
2184646 5
2322154 5
2522581 5
2229142 5
1736113 5
2118076 5
2388884 5
1299603 5
0819197 5
2428459 5
2299119 5
2508788 5
2476849 5
1088824 5
1718550 5
2576056 5
0692696 5
2575747 5
0948443 5
1923079 5
2572866 4
2024704 4
2499706 5
2504798 5
2273812 5
0734785 5
2557356 5
1658463 5
1600020 5
7010331 5
2272422 5
2154832 5
2555872 5
2289181 5
0994313 5
2271371 5
1239370 5
2428495 5
2480116 5
2551366 5
2616600 4
2609464 5
2614376 5
2615534 5
2611445 4
0922785 5
2609705 5
0617009 5
1114133 5
2096128 5
2114272 5
2604185 5
2596036 5
1818085 5
2587134 5
2585931 5
0616652 5
2224245 5
1872891 5
0259722 5
2360601 4
2576713 3
2571183 5
1508628 5
2360601 4
7041958 4
2557640 5
2544210 5
2552956 5
2552955 5
2550496 5
0268875 5
1490002 5
2219709 5
2573270 5
0038812 5
1242655 5
2110435 5
1934294 5
2552913 5
2382567 5
7093290 5
7093831 5
2495783 5
2412470 5
2501038 5
1828854 5
2454231 5
1694421 5
1402260 5
0801196 5
1474690 5
1987410 5
0356428 5
2276672 5
0081403 5
1956968 5
0704678 5
2205171 5
2182941 5
1131781 5
2483821 5
0054538 5
0420144 5
1097249 5
2407033 5
2191070 5
2154339 5
0700322 5
2561990 4
0372249 5
0935813 5
1238466 5
2241086 5
1263868 5
1883371 5
1393539 5
0983323 5
1044031 5
2516396 5
1655297 5
2211725 5
2008646 5
2610632 5
1955284 5
0484726 5
1750401 5
1087269 5
0103113 5
2539821 5
2615554 5
2538130 5
7074213 5
0190776 5
2572319 5
2604501 5
2596300 5
2356924 5
2565287 4
2554184 4
2589957 5
2583684 5
2215886 5
0003297 5
2581286 4
2566608 5
2608606 4
2551448 5
1549086 5
2601182 3
2566849 3
0556192 5
0736012 5
2610604 4
2556211 4
2552895 4
2562409 5
2583756 5
2566863 5
2542370 4
1977863 5
2602338 5
2617318 5
2552059 5
2021097 5
2582969 5
2578965 4
2590751 5
2582514 5
0441202 5
1756431 4
2574227 5
2455749 5
2585775 5
1578988 5
2616653 5
2308224 5
0276250 5
1051862 5
1497067 5
1914382 5
0778033 5
2059422 5
2438103 5
0575338 5
0255100 5
1146508 5
0429088 5
2187183 5
2304931 5
0213602 5
2063583 5
2136968 5
1331121 5
1389678 5
2203509 5
2441307 5
1483723 5
2546553 5
0556363 5
2608194 5
0239077 5
1839447 5
2516049 5
2408213 5
1840153 5
1322071 5
0127986 5
2484183 5
0514362 5
2549541 5
2552129 5
2350070 5
2064542 5
0180612 5
0606053 5
1176004 5
0296321 5
2042094 5
2062791 5
2525811 5
2594309 5
2337159 5
2587163 2
2065002 5
1231841 3
2580145 5
0863953 5
0458146 5
2574510 5
2559340 3
0291941 5
2605793 4
2574698 5
0749866 5
0066649 5
2570617 5
2450492 5
0487361 5
0761093 4
2497257 4
2199289 5
0495889 5
1314844 5
2507177 5
1046327 5
1404619 5
2594325 5
2484345 5
2599637 5
0408139 5
2580619 5
2341426 5
2555973 5
0270606 5
2519212 4
0484019 5
2472425 5
0098529 5
2213924 5
0273157 5
0276212 5
0214420 5
0092674 5
2578595 5
2444412 5
2159475 5
0163823 5
0400616 4
2298236 5
2147536 5
7063943 5
2034193 5
1379686 5
0465537 5
1179124 5
1167674 5
1277203 5
2317417 5
0427537 5
2436227 5
2329066 5
1321848 5
0089673 5
1432408 5
2303742 5
0351204 5
0632276 5
2289813 5
2059535 5
0344254 5
0058803 5
1786160 5
7294240 5
2405270 5
0568687 5
1651725 5
2467946 5
1176881 5
0003392 5
2561564 5
0775906 5
0352935 5
0993297 5
0772983 5
2554279 4
1204465 5
2554053 5
1811624 5
0153208 5
1243866 5
2421156 5
0064927 5
2415979 5
0124170 5
2556636 5
1658835 5
2538943 5
0338740 5
2206196 5
2546466 5
2355581 5
2285700 5
1736085 5
2317760 5
1137462 5
2578064 4
2123741 5
1062158 5
1056312 2
0201436 4
1184971 5
1686691 5
2030640 5
0075616 5
2480363 5
0322519 5
0767226 5
0674813 5
2612177 5
0966253 5
0330638 5
2596174 5
1764727 5
1639253 5
2498820 5
0223535 5
2446736 2
1636516 5
1767357 5
2198612 3
0727574 3
0718265 5
1938640 5
1544023 5
2610771 3
0124107 5
0052994 4
1069742 5
1545159 5
1314959 5
2427566 5
0198140 3
2604160 5
1470968 5
1569858 5
2567215 5
1666764 5
0260885 4
2480161 5
2425859 5
1382744 5
1380454 5
0234582 5
1655165 5
2490776 5
1595501 5
0321285 5
0919352 5
0104847 5
0987147 5
2036072 5
1810343 5
0015974 5
2018747 5
0735856 5
2608333 4
2574573 4
2518882 5
2578934 5
1558529 5
1995798 5
1962698 5
2039689 5
0858091 5
0772283 5
0898089 5
2419446 5
0585464 5
1685253 5
1703512 5
0315108 5
1020212 5
0659954 5
0296788 5
2359553 5
1062313 5
0037070 5
2307985 5
0522240 4
2058153 5
0161349 5
2488523 5
0610339 5
1967506 5
#Sym
2615226 4
2611764 4
2608628 5
1557555 5
2611028 5
2609423 4
2608937 5
1532302 4
2602958 5
2601179 5
2601971 5
2596663 5
2592403 5
2593405 5
2587058 5
2587598 4
2581492 4
2585692 5
2571237 4
7079022 5
2515449 5
2567087 4
2579105 5
2577384 5
2376239 5
2577265 5
2576017 5
2572679 5
2573651 5
2569090 5
2568971 5
2559744 4
2557471 5
2553543 4
2554683 4
2550261 5
1051395 5
2220466 5
2070121 5
2288499 5
2396217 5
1865747 5
2309691 5
2409703 5
7215522 5
2427704 5
2604097 5
2105703 5
2606959 5
0240983 3
1611302 5
2474997 5
2524295 5
2376012 5
1252407 5
2559710 5
2511600 4
0300475 5
2588488 5
2156722 5
2576322 4
2208516 5
2598726 4
2305227 5
2006401 5
2283595 5
2188763 5
1433444 5
0178265 5
2574240 5
2412132 5
2556549 5
2377129 5
1336839 5
2272422 5
2438745 5
2497085 5
2310985 5
2249528 5
2447303 5
2372783 5
2017328 5
2594547 5
2249700 5
7051378 5
1220089 5
2615746 4
2613529 3
2610292 4
2615734 4
2613609 5
0560020 5
2611725 5
2295380 5
2606350 4
2603684 3
0651274 5
2601829 5
1832384 5
2599189 3
0513637 4
0007208 4
2596775 4
2591195 4
2394145 5
2590297 4
2376060 4
2575799 5
2586041 5
7144994 5
2585591 5
2581089 5
2581656 4
0040293 5
1872233 5
2577900 4
0025070 5
0747518 5
2469489 4
2569939 4
2560626 4
2564686 5
2555814 4
2557093 4
0577805 5
0625596 5
0306597 5
2268579 5
2166857 5
2439017 5
2123046 5
1941538 5
2156509 5
2139565 5
0670200 5
2572519 5
1455084 5
0907238 5
2032164 5
2211119 5
2430125 5
0415638 5
2451840 5
0632847 5
2288429 5
1941966 5
2168823 5
2034237 5
2139565 5
2342489 5
2341179 5
2409862 5
0165466 5
2432595 5
0002458 5
0313649 5
2508426 5
2498170 5
0294214 5
1846116 5
2127992 5
1999000 5
7239501 4
0107922 5
0106154 5
1735747 5
2062405 5
0478561 5
2464010 5
1098806 5
0730934 5
2563168 5
1228824 5
1696447 5
2194940 5
2597001 3
0871792 4
0067276 5
7036951 3
2468767 5
2568686 4
2065295 2
2600375 2
2562798 5
2604426 5
2613107 4
2215886 5
0248221 4
2608910 3
2590092 5
2567627 3
2510429 5
2575010 5
2097304 4
1915691 5
2597445 4
2050478 5
2592957 5
0086757 4
2586087 5
2616525 3
2553132 5
2566214 4
2578652 5
2215886 5
1588272 5
2580026 4
2599930 5
2581120 5
2570861 5
1964954 5
2617637 5
2600949 5
0743187 5
2564893 5
2567000 5
0242935 5
2559524 5
2559107 5
0970387 5
0474196 5
2529806 5
7047411 4
0689582 5
0955848 4
1401081 5
1596093 5
2129853 5
1712059 5
0872886 5
2465611 5
2426065 5
0382314 5
1714240 5
2494917 5
1759894 5
1840747 5
2180331 5
2056603 5
1222533 5
0424423 5
2594699 5
1433097 5
0556307 5
0146165 5
7021319 5
2245889 3
0895837 5
0040184 5
2309621 4
0753269 5
1267354 5
2004797 5
0093470 5
1226182 5
1680679 5
1411951 5
2077713 5
1665580 5
1260594 5
2335533 5
7057918 5
7183727 5
1848570 5
1332752 5
2548665 5
7106084 5
7273249 5
1658743 5
2305471 5
2139318 5
0826512 5
2201116 5
0037396 5
2493467 5
1957559 5
0471578 3
2353729 5
2105984 5
2574406 3
2600422 5
2423461 5
0293909 5
1383115 5
2281173 5
1264949 4
2441340 5
2204592 5
2600627 5
2586355 5
1792054 3
0392821 5
0647331 4
1720386 4
0805630 4
2254890 5
2298628 5
2268569 5
2619814 4
0524487 5
0405802 5
0234487 5
2557536 5
2551734 5
2595198 5
2605965 3
2580065 3
1894392 5
1007811 5
2409438 5
1335710 5
0255372 5
2460566 5
2577426 4
2603456 4
7174583 5
2552256 4
0071407 4
1346574 5
0943510 5
2482026 5
2586414 5
2607196 3
2596581 3
0064868 3
0104290 5
2525810 5
0368815 5
0436734 5
1045766 5
2298462 5
0646871 5
0458599 5
2543665 5
0126838 5
2065682 5
2611460 5
0095757 5
0623408 5
1147647 5
1159395 5
1213572 5
0006586 5
1971703 5
1162351 5
2559363 3
0006380 4
0595821 4
2504934 4
2291644 4
1332072 4
2166127 4
2561830 5
0213218 5
2576767 5
2459027 5
0939195 5
7215836 5
0475592 5
0068886 5
2077121 5
0395863 5
0325232 4
2246375 5
2132211 5
2322924 5
1108444 5
2262995 5
1383773 5
2616980 5
2047610 5
1500974 5
1093912 5
2026277 5
0809550 5
1959556 5
1660111 5
2070956 5
2425216 4
0907747 4
1620689 5
1633785 4
1246659 5
1981786 5
2206196 5
0408224 5
7259071 5
7154499 5
1276349 5
2542544 3
0842359 4
0279503 4
1545159 3
2605067 5
2425371 5
1399650 5
0781717 5
2387374 5
2537860 5
0177097 5
2554870 5
0124107 5
0371145 5
1378662 5
0291843 5
2572726 5
0291843 5
1545159 5
0383353 4
0004702 5
2176805 5
1115376 5
0527999 5
2522393 5
0021639 5
0202986 5
1257907 5
2220631 5
0268434 5
1087629 3
2317760 4
1931238 5
2407327 5
0616667 5
2615448 5
0640939 5
0940593 5
1995798 5
1973113 5
2427318 5
2593133 2
2382482 5
1412902 5
1297510 5
0488149 5
0513999 5
0580508 5
0015410 5
0891522 5
0289150 3
1225223 3
0499437 3
0388532 3
0526757 4
2109254 2
2485835 5
0188490 5
1760278 5
0661639 5
0964715 5
0580929 5
2452912 5
2607724 5
1378135 5
2571280 5
2129075 5
1685253 4
2407912 4
0772869 4
1643377 4
2617517 4
1877894 4
2303278 5
0206070 5
2444386 5
1632711 5
2580911 3
1088618 5
2422379 5
0558656 5
1978685 5
0513999 5
1751270 5
0677838 5
#NM830
2612953 5
2612853 4
2613517 4
2602398 5
7150424 5
2592088 4
2582889 5
2582888 4
2455582 5
2572101 4
2568724 4
2562416 5
2560024 4
2581799 5
0488387 5
2134730 5
2239035 5
2342380 5
0994313 5
2544654 5
1369625 5
2303354 5
0486352 5
1872837 5
2469765 5
2417938 5
2601270 5
7288909 5
2307058 5
2480078 5
7140766 5
2585861 5
0006971 5
2517643 5
2537872 5
1880934 5
1768598 5
2323397 5
2618537 5
2617354 5
2617836 5
2614700 4
2610620 4
2606752 3
1514241 5
7300939 5
2601412 5
2595690 3
2406522 5
2597851 5
2592984 5
2592973 4
2592258 5
2589443 4
2502682 4
2582894 5
2461079 5
2572032 3
2572412 3
2568432 3
1186384 5
2552142 5
2556293 3
2377797 5
7054263 5
0933831 5
2024822 5
1709690 5
0860320 5
0639202 5
2561261 5
7198691 5
1981231 5
0155134 5
7133299 5
2206491 5
0126206 5
1796797 5
0249024 5
1051932 5
0883107 5
0937749 5
0208911 5
1934475 5
2566755 5
2562670 5
2539794 5
0403958 5
1060851 5
1654805 5
2193854 5
1297583 5
0159774 5
1910340 5
1934640 5
1056958 5
0798517 5
7032449 5
2237470 5
2520236 5
0629644 5
2249903 5
1953140 5
0474162 5
0541082 5
1783967 5
2188902 5
2576373 5
0308240 5
2006019 5
2077006 5
0891619 5
1186339 5
2619056 3
0558248 4
0191192 4
2615731 3
2615620 3
2612768 5
2610432 4
2610067 4
2608254 4
2599665 3
1821667 5
2600598 2
2603922 4
2600350 5
2598157 4
1579748 3
1845434 5
2307699 5
1044188 5
2592969 3
7276946 2
0502558 4
2589767 3
2589786 5
2586092 4
2585429 4
2578070 2
2581595 3
1461959 4
2584487 5
0993635 5
2460155 4
0237716 4
1192608 4
2575079 4
2569386 4
2569695 4
2552122 3
1315552 3
2542354 5
1333112 5
0314921 5
2313120 5
1654799 5
2557579 5
0754720 4
1416316 5
0660996 5
1247375 5
2537617 5
2205978 5
2603541 5
0918811 5
0479825 5
1192197 5
0210492 4
0891619 5
1149842 5
1283728 5
2014724 5
2422357 5
1922008 5
1194558 4
1409647 4
2196475 5
0286769 5
0261747 4
2573546 4
7065119 5
0184080 5
2553742 5
2258240 5
1249659 5
7219113 5
0454008 5
0271446 5
2361543 5
0588098 5
0844101 5
1476564 5
2449241 5
0504196 4
0739145 5
7231661 3
0273206 5
2596644 4
1678371 5
1991067 5
2292483 4
7142698 4
2617511 4
0135783 5
7209349 5
2616214 4
1623217 3
2612704 4
1998993 5
2603498 4
1786191 4
2396763 4
2281382 4
2608567 3
0546732 4
2456937 4
1251726 4
2215443 4
2337318 4
2045275 3
2596586 3
2596155 3
2477157 4
2344711 3
2595579 4
0842283 4
2586197 3
7041198 5
7098399 3
1968995 5
0247964 5
2583063 4
1367508 4
2574209 4
0149215 4
2577806 3
2299995 5
0753195 4
0239247 5
2575964 4
0255090 5
2573318 4
2552002 5
1404724 5
0647331 4
2550078 4
0035917 5
2187913 5
1660868 5
0460800 5
1832253 5
2419929 5
1488368 5
2248721 5
2330512 5
2444166 5
2200743 5
1123386 5
0747292 5
0084322 5
2312558 5
0827550 5
2356682 3
2419513 5
1969860 5
2389857 5
7172039 5
1133514 5
1198080 5
1283371 5
1149796 5
1970513 5
0002486 5
2056440 5
2361964 5
2601716 5
0951069 5
2317805 5
1769176 5
2310548 5
1148088 5
2499540 3
2238768 5
0020729 5
1116997 5
0027545 5
2366157 5
0341148 5
0782296 5
0057456 5
0104290 5
0289667 5
1793073 5
1181682 5
2495387 5
0298731 5
2611215 4
0481979 5
1845017 3
0363174 3
1679478 3
2614371 4
1751290 5
1349105 5
2531486 5
2077367 4
2181701 4
2488332 5
2513205 5
1949002 5
2219619 5
2133391 5
0819629 4
0483895 5
1392490 5
7025520 5
1153104 5
0297213 5
7284816 5
2580178 3
1114816 5
0745157 3
0658318 4
0274627 4
1236880 5
2487462 3
2565303 3
2423661 4
0576732 5
2544994 4
2416864 5
1155567 4
0790824 5
7233626 5
2047279 5
2016456 5
0027333 5
2612339 5
1374648 4
0099583 5
0919352 5
2601968 4
2379188 5
2602343 5
2485445 5
0753941 5
2469490 5
1232032 5
1196309 5
2269199 5
2525020 4
2502909 4
0210336 5
0047292 5
2179245 4
2569518 4
0211871 4
0599390 5
1969347 5
1390392 5
2130396 4
2262502 4
7277693 5
2016456 5
1090612 4
0082428 4
2437088 4
2565676 4
1203550 4
7180675 5
0583592 4
2382482 4
2553974 4
