#Infi
2619990
2608318
2604395
2603333
2602932
1744782
2467145
1849022
2594552
2593364
2592576
2589450
2246150
2589343
2589920
2586112
2585244
2582887
2583600
2579863
2578519
2577943
2576905
2231764
2421011
2549795
1906310
2551669
2549242
2554297
0671083
2575918
1213958
2382385
2207392
0454673
0434771
2285033
0768766
1258747
2517701
0274504
2290560
2034800
1373869
2211469
2556742
1934324
2185947
2617684
2074493
2561171
2554614
1794530
2312995
1413103
2394118
2105703
1738507
2044582
1764300
1861715
2464314
1883479
2569303
2022549
0240983
2281215
1838900
2323380
2450847
2596646
2617214
2372715
2592174
2181943
2261546
0240983
1838900
1998680
2615837
2610337
2601887
2608641
2605422
2604408
2254442
2099292
0001968
2473294
2592106
7039974
2592014
2039368
2585557
2586876
2536711
2537963
2584599
2584516
2582991
2479528
0351835
2581717
7280606
2578381
2578387
2259901
2573570
0916034
2572865
2573071
2568149
2227520
2567121
1490373
2563833
2338987
2562569
2561491
2560151
2454151
2551394
0701245
2159591
2466289
2602453
1102626
2447281
2356324
2583646
2573229
1848424
2501951
2360675
0249024
1952713
0639202
2530180
2012381
2454637
2302541
2396420
2488134
0414673
0634202
2224203
2250535
2179658
2560843
1244067
2133076
2511150
0967200
1243827
1344240
2541166
2585955
2119673
2068498
1957604
1998930
1491462
0376059
2602594
1894685
0725312
1738922
0080660
1279920
1424749
2318926
1239458
1400142
0192111
0276086
2376744
2591498
7098508
0743187
2307699
2307553
1012318
2617018
0556192
1139583
2610386
2572534
1382375
2590139
2578982
0788313
0851756
2573808
2554664
2448679
7227043
2571109
2569115
2610768
1018646
1551985
2563807
0819054
0469247
0043889
2593360
2547825
2346400
1383115
7185613
2618436
2307699
2219346
7056874
2607530
1192608
2561633
2603612
2617182
0159858
2619974
2305511
7054973
2205694
1705527
0190129
2228102
2018278
2535005
2109902
0811366
1149842
2537508
0857347
2324474
2131596
1398477
1409071
1733254
0308354
1111887
1798908
2384022
0725891
0652890
0095678
1024606
2285491
2097395
2063039
0437688
0403914
2050960
1237752
2453857
2400635
0306245
1343991
1863304
1232709
2429673
0427027
1327921
0703818
1005252
2212758
2276022
0934535
2395164
2364400
2148093
0906455
0352689
2572205
2335407
2617240
0726449
0448592
2573053
2581992
2497257
2525097
2580065
7098508
1411874
2484345
7268370
2584683
2350320
2612893
0490221
2581145
2040852
2568694
2569552
1049370
1619333
7259300
2555826
2162253
2563184
2337787
1055183
2497788
0994197
2079989
2581107
1383115
1364685
1380440
1982684
0575899
2348653
2608257
2441303
2573819
0390030
2463777
2407578
2596017
0026312
7189972
2326622
1110782
0583134
1421929
7120079
1791785
0736227
1784479
2038735
2220707
2264685
1894949
1209233
0289667
0523746
2291453
0486448
2526471
0104488
1957565
0839386
1735899
2469397
1939420
2143326
2447646
0856493
1213401
1830382
1173840
1636501
0219005
2529716
1834387
0340653
2272633
0200396
7300013
0289667
7041899
0276499
1322970
1875884
1990333
2006812
2504934
0799953
1811624
0616104
1421929
0390160
0512002
2324323
7237829
1764727
1135908
2573981
0657098
2283245
2465560
2419712
0798491
2150244
2408678
2426976
1512987
2228021
2579790
1686691
1010066
2604878
0845986
2592329
0471251
1987096
1256817
2341426
2575737
0259240
0681364
2555436
7298820
2596628
2546197
1982925
0456874
0318357
2589293
2102925
2579316
2206196
1776119
2585172
2178080
1961252
2595180
0864434
1243124
2109359
2472727
2566801
1975816
0526757
1951834
2613161
0260583
1343976
0777082
2615690
2035930
2584836
2386980
1057007
2602923
2275476
7181987
0729649
0976139
2556529
2487061
2556418
7278116
1683235
2404104
7230451
2436413
2597687
1805891
1264076
0296788
1963815
2564064
2558072
2536088
0891522
0523097
0285812
2474480
0268875
1490002
2219709
2573270
0038812
1242655
0021753
2102537
2424004
0774809
1868037
1773939
#NMCT670
2617873
2571237
1271143
2511912
2595903
2593022
0952679
2587665
2581100
2574916
2452231
2578189
2533884
2567087
2245577
1577249
1258747
0950732
2447303
2300356
2612875
2576322
2290560
0565313
1429078
2188763
2504798
1295310
2166813
2220466
2599422
0274504
2602399
2242707
1220089
1400699
2006159
2601514
2051363
2595934
2597282
0471301
1778015
1784912
2387982
7238380
1962151
1564662
2590326
1814479
2184646
2322154
2522581
2229142
1736113
2118076
2388884
1299603
0819197
2428459
2299119
2508788
2476849
1088824
1718550
2576056
0692696
2575747
0948443
1923079
2572866
2024704
2499706
2504798
2273812
0734785
2557356
1658463
1600020
7010331
2272422
2154832
2555872
2289181
0994313
2271371
1239370
2428495
2480116
2551366
2616600
2609464
2614376
2615534
2398255
2611445
0922785
2609705
0617009
1114133
2096128
2114272
2604185
2596036
1818085
2587134
2585931
0616652
2224245
1872891
0259722
2360601
2576713
2571183
1508628
2360601
7041958
2557640
2544210
2552956
2552955
2550496
2110435
1934294
2552913
2382567
7093290
7093831
2495783
2412470
2501038
1828854
2454231
1694421
1402260
0801196
1474690
1987410
0356428
2276672
0081403
1956968
0704678
2205171
2182941
1131781
2483821
0054538
0420144
1097249
2407033
2191070
2154339
0700322
2561990
0372249
0935813
1238466
2241086
1263868
1883371
1393539
0983323
1044031
2516396
1655297
2211725
2008646
2610632
1955284
0484726
1750401
1087269
0103113
2539821
2615554
2538130
7074213
0190776
2572319
2604501
2596300
2356924
2565287
2554184
2589957
2583684
2215886
0003297
2581286
2566608
2608606
2551448
1549086
2601182
2566849
0556192
0736012
2610604
2556211
2552895
2562409
2583756
2566863
2542370
1977863
2602338
2617318
2552059
2021097
2582969
2578965
2590751
2582514
2555002
0441202
1756431
2574227
2455749
2585775
1578988
2616653
2308224
0276250
1051862
1497067
1914382
0778033
2059422
2438103
2433758
0575338
0255100
1146508
0429088
2187183
2304931
2454921
0213602
2063583
2136968
1331121
1389678
2203509
2441307
2561752
1483723
2546553
0556363
2608194
0239077
1839447
2516049
2408213
1840153
1322071
0127986
2484183
0514362
2549541
2374483
2552129
2350070
2064542
0180612
0606053
1176004
0296321
2571529
2042094
2062791
2525811
1957744
2594309
2337159
2587163
2065002
1231841
2580145
0863953
0458146
2574510
2559340
0291941
2605793
1746757
2574698
0749866
0066649
2570617
2450492
0487361
0761093
2497257
2199289
0495889
1314844
2507177
1046327
1404619
2594325
2484345
2599637
0408139
2580619
2341426
2555973
0270606
2519212
0484019
2472425
0098529
2213924
0273157
0276212
2593572
0214420
0092674
2578595
2444412
2159475
0163823
0400616
2298236
2147536
7063943
2034193
1379686
0465537
1179124
2535777
1167674
1277203
2317417
0427537
2436227
2329066
1321848
0089673
1432408
2303742
0351204
0632276
2289813
2059535
0344254
0058803
1786160
7294240
2405270
0568687
1651725
2467946
1176881
0003392
2561564
0775906
0352935
0993297
0772983
2554279
1204465
2554053
1811624
0153208
1243866
2421156
0064927
2415979
0124170
2556636
1658835
2538943
0338740
2206196
2546466
2355581
2285700
1899784
1736085
2317760
1137462
2578064
2123741
1062158
1056312
0201436
1184971
1686691
2030640
0075616
2480363
0322519
0767226
0674813
2612177
0966253
0330638
2596174
1764727
1639253
2498820
0223535
2446736
1636516
1767357
2198612
0727574
0718265
1938640
1544023
2610771
0124107
0052994
1069742
1545159
1314959
2427566
0198140
2604160
1470968
1569858
2567215
1666764
0260885
2480161
2425859
1382744
1380454
0234582
1655165
2490776
1595501
0321285
0919352
0104847
0987147
2036072
1810343
0015974
7152212
2018747
0735856
2608333
2574573
2518882
2578934
1558529
1995798
1962698
2039689
0858091
0772283
0898089
2419446
0585464
1685253
1703512
0315108
1020212
0659954
0296788
2359553
1062313
0037070
2307985
0522240
2058153
0161349
2488523
0610339
1967506
#Sym
2615226
2611764
2608628
1557555
2611028
2609423
2608937
1532302
2602958
2601179
2601971
2596663
2592403
2593405
2587058
2587598
2581492
2585692
2571237
7079022
2515449
2567087
2579105
2577384
2376239
2577265
2576017
2572679
2573651
2569090
2568971
2559744
2557471
2553543
2554683
2550261
1051395
2220466
2070121
2288499
2396217
1865747
2309691
2409703
7215522
2427704
2604097
2105703
2606959
0240983
1611302
2474997
2524295
2376012
1252407
2559710
2511600
0300475
2588488
2156722
2576322
2208516
2598726
2305227
2006401
2283595
2188763
1433444
0178265
2574240
2412132
2556549
2377129
1336839
2272422
2438745
2497085
2310985
2249528
2447303
2372783
2017328
2594547
2249700
7051378
1220089
2615746
2613529
2610292
2615734
2613609
0560020
2611725
2295380
2606350
2603684
0651274
2601829
1832384
2599189
0513637
0007208
2596775
2591195
2394145
2590297
2376060
2575799
2586041
7144994
2585591
2581089
2581656
0040293
1872233
2577900
0025070
0747518
2469489
2569939
2560626
2564686
2555814
2557093
0577805
0625596
0306597
2268579
2166857
2439017
2123046
1941538
2156509
2139565
0670200
2572519
1455084
0907238
2032164
2211119
2430125
0415638
2451840
0632847
2288429
1941966
2168823
2034237
2139565
2342489
2341179
2409862
0165466
2432595
0002458
0313649
2508426
2498170
0294214
1846116
2127992
1999000
7239501
0107922
0106154
1735747
2062405
0478561
2464010
1098806
0730934
2563168
1228824
1696447
2194940
2597001
0871792
0067276
7036951
2468767
2568686
2065295
2600375
2562798
2604426
2613107
2215886
0248221
2608910
2590092
2567627
2510429
2575010
2097304
1915691
2597445
2050478
2592957
0086757
2586087
2616525
2553132
2566214
2578652
2215886
1588272
2580026
2599930
2581120
2570861
1964954
2617637
2600949
0743187
2564893
2567000
0242935
2559524
2559107
0970387
0474196
2529806
7047411
0689582
0955848
1401081
1596093
2129853
1712059
0872886
2465611
2426065
0382314
1714240
2494917
1759894
1840747
2180331
2056603
1222533
0424423
2594699
1433097
0556307
0146165
7021319
2245889
0895837
0040184
2309621
0753269
1267354
2004797
0093470
1226182
1680679
1411951
2077713
1665580
1260594
2335533
7057918
7183727
1848570
1332752
2548665
7106084
7273249
1658743
2305471
2139318
0826512
2201116
0037396
2493467
1957559
0471578
2353729
2105984
2574406
2600422
2423461
0293909
1383115
2281173
1264949
2441340
2204592
2600627
2586355
1792054
0392821
0647331
1720386
0805630
2254890
2298628
2268569
2619814
0524487
0405802
0234487
2557536
2551734
2595198
2605965
2580065
1894392
1007811
2409438
1335710
0255372
2460566
2577426
2603456
7174583
2552256
0071407
1346574
0943510
2482026
2586414
2607196
2596581
0064868
0104290
2525810
0368815
0436734
1045766
2298462
0646871
0458599
2543665
0126838
2065682
2611460
0095757
0623408
1147647
1159395
1213572
0006586
1971703
1162351
2564279
2559363
0006380
0595821
2504934
2291644
1332072
2166127
2561830
0213218
2576767
2459027
0939195
7215836
0475592
0068886
2077121
0395863
0325232
2246375
2132211
2322924
1108444
2262995
1383773
2616980
2047610
1500974
1093912
2026277
0809550
1959556
1660111
2070956
2425216
0907747
1620689
1633785
1246659
1981786
2206196
0408224
7259071
7154499
1276349
2542544
0842359
0279503
1545159
2605067
2425371
1399650
0781717
2387374
2537860
0177097
2554870
0124107
0371145
1378662
0291843
2572726
0291843
1545159
0383353
0004702
2176805
1115376
0527999
2522393
0021639
0202986
1257907
2220631
0268434
1087629
2317760
1931238
2407327
0616667
2615448
0640939
0940593
1995798
1973113
2427318
2593133
2382482
1412902
1297510
0488149
0513999
0580508
0015410
0891522
0289150
1225223
0499437
0388532
0526757
2109254
2485835
0188490
1760278
0661639
0964715
0580929
2452912
2607724
1378135
2571280
2129075
1685253
2407912
0772869
1643377
2617517
1877894
2303278
0206070
2444386
1632711
2580911
1088618
2422379
0558656
1978685
0513999
1751270
0677838
#NM830
2612953
2612853
2613517
2602398
7150424
2592088
2582889
2582888
2455582
2572101
2568724
2562416
2560024
2581799
0488387
2134730
2239035
2342380
0994313
2544654
1369625
2303354
0486352
1872837
2469765
2417938
2601270
7288909
2307058
2480078
7140766
2585861
0006971
2517643
2537872
1880934
1768598
2323397
2618537
2617354
2617836
2614700
2610620
2606752
1514241
7300939
2601412
2595690
2406522
2597851
2592984
2592973
2592258
2589443
2502682
2582894
2461079
2572032
2572412
2568432
1186384
2552142
2556293
2377797
7054263
0933831
2024822
1709690
0860320
0639202
2561261
7198691
1981231
0155134
7133299
2206491
0126206
1796797
0249024
1051932
0883107
0937749
0208911
1934475
2566755
2562670
2539794
0403958
1060851
1654805
2193854
1297583
0159774
1910340
1934640
1056958
0798517
7032449
2237470
2520236
0629644
2249903
1953140
0474162
0541082
1783967
2188902
2576373
0308240
2006019
2077006
0891619
1186339
2619056
0558248
0191192
2615731
2615620
2612768
2610432
2610067
2608254
2599665
1821667
2600598
2603922
2600350
2598157
1579748
1845434
2307699
1044188
2592969
7276946
0502558
2589767
2589786
2586092
2585429
2578070
2581595
1461959
2584487
0993635
2460155
0237716
1192608
2575079
2569386
2569695
2552122
1315552
2542354
1333112
0314921
2313120
1654799
2557579
0754720
1416316
0660996
1247375
2537617
2205978
2603541
0918811
0479825
1192197
0210492
0891619
1149842
1283728
2014724
2422357
1922008
1194558
1409647
2196475
0286769
0261747
2573546
7065119
0184080
2553742
2258240
1249659
7219113
0454008
0271446
2361543
0588098
0844101
1476564
2449241
0504196
0739145
7231661
0273206
2596644
1678371
1991067
2292483
7142698
2617511
0135783
7209349
2616214
1623217
2612704
1998993
2603498
1786191
2396763
2281382
2608567
0546732
2456937
1251726
2215443
2337318
2045275
2596586
2596155
2477157
2344711
2595579
0842283
2586197
7041198
7098399
1968995
0247964
2583063
1367508
2574209
0149215
2577806
2299995
0753195
0239247
2575964
0255090
2573318
2552002
1404724
0647331
2550078
0035917
2187913
1660868
0460800
1832253
2419929
1488368
2248721
2330512
2444166
2200743
1123386
0747292
0084322
2312558
0827550
2356682
2419513
1969860
2389857
7172039
1133514
1198080
1283371
1149796
1970513
0002486
2056440
2361964
2601716
0951069
2317805
1769176
2310548
1148088
2499540
2238768
0020729
1116997
0027545
2366157
0341148
0782296
0057456
0104290
0289667
1793073
1181682
2495387
0298731
2611215
0481979
1845017
0363174
1679478
2614371
1751290
1349105
2531486
2077367
2181701
2488332
2513205
1949002
2219619
2133391
0819629
0483895
1392490
7025520
1153104
0297213
7284816
2580178
1114816
0745157
0658318
0274627
1236880
2487462
2565303
2423661
0576732
2544994
2416864
1155567
0790824
7233626
2047279
2016456
0027333
2612339
1374648
0099583
0919352
2601968
2379188
2602343
2485445
0753941
2469490
1232032
1196309
2269199
2525020
2502909
0210336
0047292
2179245
2569518
0211871
0599390
1969347
1390392
2130396
2262502
7277693
2016456
1090612
0082428
2437088
2565676
1203550
7180675
0583592
2382482
2553974